# sp|Q9NUN7|ACER3_HUMAN
#pos	aa	i	o	M	S
1	M	0.07827	0.92174	0.00000	0
2	A	0.07827	0.92174	0.00000	0
3	P	0.07827	0.92174	0.00000	0
4	A	0.07827	0.92174	0.00000	0
5	A	0.07827	0.92174	0.00000	0
6	D	0.07827	0.92174	0.00000	0
7	R	0.07827	0.92174	0.00000	0
8	E	0.07827	0.92174	0.00000	0
9	G	0.07827	0.92174	0.00000	0
10	Y	0.07827	0.92174	0.00000	0
11	W	0.07827	0.92174	0.00000	0
12	G	0.07827	0.92174	0.00000	0
13	P	0.07827	0.92174	0.00000	0
14	T	0.07827	0.92174	0.00000	0
15	T	0.07827	0.92174	0.00000	0
16	S	0.07827	0.92174	0.00000	0
17	T	0.07827	0.92173	0.00000	0
18	L	0.07827	0.92173	0.00000	0
19	D	0.07827	0.92173	0.00000	0
20	W	0.07826	0.92173	0.00001	0
21	C	0.07826	0.92173	0.00001	0
22	E	0.07826	0.92171	0.00003	0
23	E	0.07823	0.9214	0.00037	0
24	N	0.07805	0.9186	0.00335	0
25	Y	0.07749	0.90879	0.01371	0
26	S	0.07681	0.89101	0.03218	0
27	V	0.07125	0.74712	0.18162	0
28	T	0.06921	0.67683	0.25395	0
29	W	0.06623	0.5752	0.35857	0
30	Y	0.06330	0.52969	0.40701	0
31	I	0.06213	0.51618	0.42169	0
32	A	0.06027	0.48152	0.45822	0
33	E	0.05775	0.4434	0.49885	0
34	F	0.04500	0.12054	0.83446	0
35	W	0.04339	0.08104	0.87557	0
36	N	0.04319	0.07615	0.88066	0
37	T	0.04273	0.06327	0.89400	0
38	V	0.04210	0.05324	0.90466	0
39	S	0.04199	0.05161	0.90640	0
40	N	0.04189	0.05102	0.90710	0
41	L	0.04182	0.0506	0.90758	0
42	I	0.04183	0.05053	0.90764	0
43	M	0.04266	0.05053	0.90681	0
44	I	0.04790	0.05066	0.90144	0
45	I	0.05768	0.0514	0.89091	0
46	P	0.07371	0.05245	0.87384	0
47	P	0.08158	0.05277	0.86565	0
48	M	0.08370	0.05302	0.86328	0
49	F	0.08592	0.05382	0.86026	0
50	G	0.09656	0.05752	0.84592	0
51	A	0.11605	0.0591	0.82485	0
52	V	0.25054	0.06421	0.68525	0
53	Q	0.79347	0.08251	0.12402	0
54	S	0.82431	0.08391	0.09178	0
55	V	0.83584	0.08426	0.07989	0
56	R	0.89637	0.08544	0.01819	0
57	D	0.90963	0.08661	0.00376	0
58	G	0.91105	0.08673	0.00223	0
59	L	0.91124	0.08684	0.00192	0
60	E	0.91238	0.08689	0.00072	0
61	K	0.90816	0.08579	0.00605	0
62	R	0.87725	0.08003	0.04271	0
63	Y	0.70510	0.05803	0.23688	0
64	I	0.11236	0.01154	0.87610	0
65	A	0.06103	0.00465	0.93432	0
66	S	0.04241	0.00247	0.95512	0
67	Y	0.00242	0.00033	0.99725	0
68	L	0.00090	0.00015	0.99896	0
69	A	0.00079	0.00013	0.99908	0
70	L	0.00076	0.00013	0.99911	0
71	T	0.00076	0.00013	0.99912	0
72	V	0.00075	0.00013	0.99912	0
73	V	0.00075	0.00013	0.99912	0
74	G	0.00075	0.00013	0.99912	0
75	M	0.00075	0.00013	0.99912	0
76	G	0.00075	0.00014	0.99911	0
77	S	0.00075	0.00017	0.99908	0
78	W	0.00076	0.00019	0.99905	0
79	C	0.00090	0.00126	0.99784	0
80	F	0.00116	0.0019	0.99694	0
81	H	0.00319	0.00931	0.98750	0
82	M	0.00833	0.02162	0.97005	0
83	T	0.01935	0.04198	0.93867	0
84	L	0.03193	0.28208	0.68600	0
85	K	0.08484	0.86579	0.04937	0
86	Y	0.08574	0.87159	0.04267	0
87	E	0.08693	0.89741	0.01566	0
88	M	0.08704	0.89739	0.01557	0
89	Q	0.08677	0.88263	0.03061	0
90	L	0.08264	0.73944	0.17793	0
91	L	0.07985	0.73664	0.18351	0
92	D	0.07897	0.73401	0.18702	0
93	E	0.07373	0.72638	0.19990	0
94	L	0.06103	0.70106	0.23790	0
95	P	0.05035	0.51309	0.43656	0
96	M	0.00159	0.15683	0.84158	0
97	I	0.00087	0.15665	0.84249	0
98	Y	0.00077	0.15664	0.84258	0
99	S	0.00077	0.15664	0.84259	0
100	C	0.00077	0.15664	0.84259	0
101	C	0.00077	0.15664	0.84259	0
102	I	0.00077	0.15664	0.84259	0
103	F	0.00077	0.15664	0.84259	0
104	V	0.00077	0.15664	0.84259	0
105	Y	0.00078	0.15664	0.84257	0
106	C	0.00271	0.15697	0.84032	0
107	M	0.00804	0.15709	0.83487	0
108	F	0.04065	0.15811	0.80124	0
109	E	0.13252	0.1603	0.70718	0
110	C	0.13703	0.16035	0.70262	0
111	F	0.17292	0.16084	0.66624	0
112	K	0.38783	0.17557	0.43660	0
113	I	0.55710	0.17742	0.26547	0
114	K	0.70906	0.20647	0.08448	0
115	N	0.75180	0.23623	0.01197	0
116	S	0.74030	0.23641	0.02329	0
117	V	0.65902	0.14823	0.19274	0
118	N	0.46207	0.1292	0.40874	0
119	Y	0.25432	0.06293	0.68276	0
120	H	0.05162	0.02362	0.92476	0
121	L	0.00498	0.00224	0.99278	0
122	L	0.00087	0.00023	0.99890	0
123	F	0.00021	1e-05	0.99978	0
124	T	0.00019	0	0.99981	0
125	L	0.00017	0	0.99983	0
126	V	0.00017	0	0.99983	0
127	L	0.00017	0	0.99983	0
128	F	0.00017	0	0.99983	0
129	S	0.00017	0	0.99983	0
130	L	0.00017	0	0.99983	0
131	I	0.00017	0	0.99983	0
132	V	0.00017	2e-05	0.99981	0
133	T	0.00018	0.0001	0.99972	0
134	T	0.00021	0.0002	0.99960	0
135	V	0.00040	0.00082	0.99878	0
136	Y	0.00806	0.01063	0.98132	0
137	L	0.02872	0.06491	0.90637	0
138	K	0.17505	0.68238	0.14257	0
139	V	0.18659	0.70843	0.10498	0
140	K	0.24041	0.74931	0.01029	0
141	E	0.24350	0.75509	0.00141	0
142	P	0.24332	0.74118	0.01550	0
143	I	0.24091	0.21411	0.54499	0
144	F	0.23576	0.18888	0.57536	0
145	H	0.23536	0.16613	0.59851	0
146	Q	0.21156	0.15377	0.63468	0
147	V	0.18393	0.14268	0.67339	0
148	M	0.15508	0.1071	0.73782	0
149	Y	0.02640	0.01646	0.95714	0
150	G	0.02184	0.01261	0.96555	0
151	M	0.00049	0.00095	0.99857	0
152	L	0.00007	0.00025	0.99968	0
153	V	0.00001	0.00018	0.99981	0
154	F	0.00001	0.00016	0.99983	0
155	T	0.00001	0.00016	0.99983	0
156	L	0.00001	0.00016	0.99983	0
157	V	0.00001	0.00016	0.99984	0
158	L	0.00004	0.00016	0.99981	0
159	R	0.00592	0.00016	0.99392	0
160	S	0.00933	0.00016	0.99052	0
161	I	0.01121	0.00016	0.98863	0
162	Y	0.08200	0.00029	0.91771	0
163	I	0.23887	0.00111	0.76002	0
164	V	0.27787	0.00184	0.72029	0
165	T	0.36926	0.00556	0.62519	0
166	W	0.39826	0.00701	0.59473	0
167	V	0.45986	0.00837	0.53177	0
168	Y	0.57973	0.03452	0.38575	0
169	P	0.66879	0.16456	0.16666	0
170	W	0.64748	0.19384	0.15868	0
171	L	0.60201	0.21867	0.17932	0
172	R	0.60614	0.23985	0.15400	0
173	G	0.37600	0.21741	0.40660	0
174	L	0.10990	0.09148	0.79862	0
175	G	0.05741	0.06031	0.88228	0
176	Y	0.02440	0.03131	0.94428	0
177	T	0.01906	0.01038	0.97056	0
178	S	0.01082	0.00802	0.98116	0
179	L	0.00501	0.0043	0.99069	0
180	G	0.00188	0.00142	0.99671	0
181	I	0.00062	0.00069	0.99869	0
182	F	0.00037	0.00062	0.99900	0
183	L	0.00018	0.0006	0.99922	0
184	L	0.00017	0.0006	0.99922	0
185	G	0.00017	0.00063	0.99920	0
186	F	0.00017	0.00069	0.99913	0
187	L	0.00018	0.00091	0.99892	0
188	F	0.00019	0.00196	0.99785	0
189	W	0.00043	0.00976	0.98980	0
190	N	0.00264	0.08783	0.90953	0
191	I	0.00443	0.13485	0.86073	0
192	D	0.01603	0.57108	0.41290	0
193	N	0.01870	0.62235	0.35895	0
194	I	0.02006	0.62766	0.35228	0
195	F	0.02555	0.64274	0.33171	0
196	C	0.13454	0.71853	0.14692	0
197	E	0.21926	0.74312	0.03761	0
198	S	0.23220	0.7442	0.02360	0
199	L	0.23745	0.74774	0.01480	0
200	R	0.24257	0.75045	0.00697	0
201	N	0.24302	0.75362	0.00337	0
202	F	0.24284	0.75395	0.00322	0
203	R	0.24299	0.75599	0.00102	0
204	K	0.24285	0.75661	0.00055	0
205	K	0.24243	0.75656	0.00101	0
206	V	0.24004	0.75533	0.00463	0
207	P	0.23808	0.7546	0.00733	0
208	P	0.23411	0.75379	0.01211	0
209	I	0.23140	0.74363	0.02498	0
210	I	0.22992	0.74166	0.02842	0
211	G	0.22851	0.73714	0.03435	0
212	I	0.22302	0.73452	0.04246	0
213	T	0.22238	0.734	0.04362	0
214	T	0.22149	0.73009	0.04843	0
215	Q	0.21796	0.71505	0.06700	0
216	F	0.10910	0.64258	0.24831	0
217	H	0.06600	0.54858	0.38542	0
218	A	0.02777	0.17905	0.79318	0
219	W	0.01199	0.06889	0.91912	0
220	W	0.00726	0.03374	0.95899	0
221	H	0.00669	0.02572	0.96759	0
222	I	0.00551	0.01415	0.98034	0
223	L	0.00516	0.01212	0.98271	0
224	T	0.00510	0.01195	0.98295	0
225	G	0.00503	0.01079	0.98418	0
226	L	0.00485	0.00631	0.98884	0
227	G	0.00491	0.00581	0.98928	0
228	S	0.00501	0.00445	0.99054	0
229	Y	0.00517	0.00371	0.99111	0
230	L	0.00563	0.00519	0.98918	0
231	H	0.00610	0.00631	0.98760	0
232	I	0.00630	0.0069	0.98680	0
233	L	0.00681	0.00936	0.98383	0
234	F	0.00826	0.01488	0.97687	0
235	S	0.01516	0.02661	0.95822	0
236	L	0.02035	0.03296	0.94668	0
237	Y	0.08545	0.05998	0.85457	0
238	T	0.41582	0.18692	0.39726	0
239	R	0.59098	0.21171	0.19732	0
240	T	0.61205	0.22217	0.16578	0
241	L	0.63628	0.22398	0.13974	0
242	Y	0.65552	0.22267	0.12181	0
243	L	0.72528	0.21504	0.05969	0
244	R	0.74719	0.21241	0.04040	0
245	Y	0.74180	0.19906	0.05914	0
246	R	0.74840	0.19626	0.05535	0
247	P	0.73869	0.18906	0.07225	0
248	K	0.71028	0.16608	0.12364	0
249	V	0.47468	0.0736	0.45173	0
250	K	0.46773	0.07091	0.46137	0
251	F	0.46682	0.07058	0.46261	0
252	L	0.46681	0.07058	0.46261	0
253	F	0.46681	0.07058	0.46261	0
254	G	0.46681	0.07058	0.46261	0
255	I	0.46681	0.07058	0.46261	0
256	W	0.46681	0.07058	0.46261	0
257	P	0.46682	0.07058	0.46261	0
258	V	0.46682	0.07058	0.46261	0
259	I	0.46685	0.07059	0.46256	0
260	L	0.46735	0.07083	0.46182	0
261	F	0.46929	0.07136	0.45935	0
262	E	0.48517	0.07523	0.43960	0
263	P	0.49037	0.07647	0.43317	0
264	L	0.49493	0.07907	0.42600	0
265	R	0.57212	0.18409	0.24379	0
266	K	0.62716	0.32357	0.04927	0
267	H	0.63540	0.3646	0.00000	0

